     clusters_total filtered_by_depth filtered_by_maxH  filtered_by_maxAlleles filtered_by_maxN reads_consens nsites nhetero heterozygosity
1A_0           1000                 0                0                     0.0                0          1000  90929     158        0.00174
1B_0           1000                 0                0                     0.0                0          1000  90916     166        0.00183
1C_0           1000                 0                0                     0.0                0          1000  90915     179        0.00197
1D_0           1000                 0                0                     0.0                0          1000  90907     153        0.00168
2E_0           1000                 0                0                     0.0                0          1000  90916     157        0.00173
2F_0           1000                 0                0                     0.0                0          1000  90914     169        0.00186
2G_0           1000                 0                0                     0.0                0          1000  90902     166        0.00183
2H_0           1000                 0                0                     0.0                0          1000  90924     149        0.00164
3I_0           1000                 0                0                     0.0                0          1000  90913     156        0.00172
3J_0           1000                 0                1                     0.0                0           999  90826     164        0.00181
3K_0           1000                 0                0                     0.0                0          1000  90914     175        0.00192
3L_0           1000                 0                0                     0.0                0          1000  90902     172        0.00189