     clusters_total  hidepth_min clusters_hidepth avg_depth_total avg_depth_mj avg_depth_stat sd_depth_total sd_depth_mj sd_depth_stat
1A_0           1000            6             1000           19.86        19.86          19.86           2.83        2.83          2.83
1B_0           1000            6             1000           20.04        20.04          20.04           2.81        2.81          2.81
1C_0           1000            6             1000           20.14        20.14          20.14           2.87        2.87          2.87
1D_0           1000            6             1000           19.97        19.97          19.97           2.74        2.74          2.74
2E_0           1000            6             1000           20.02        20.02          20.02           2.78        2.78          2.78
2F_0           1000            6             1000           19.93        19.93          19.93           2.83        2.83          2.83
2G_0           1000            6             1000           20.03        20.03          20.03           2.77        2.77          2.77
2H_0           1000            6             1000           20.20        20.20          20.20           2.87        2.87          2.87
3I_0           1000            6             1000           19.89        19.89          19.89           3.01        3.01          3.01
3J_0           1000            6             1000           19.82        19.82          19.82           2.88        2.88          2.88
3K_0           1000            6             1000           19.96        19.96          19.96           2.89        2.89          2.89
3L_0           1000            6             1000           20.01        20.01          20.01           2.90        2.90          2.90